service_id,monday,tuesday,wednesday,thursday,friday,saturday,sunday,start_date,end_date
10283,1,1,1,1,1,1,0,20170904,20171104
10287,1,1,1,1,1,1,0,20170828,20171104
10284,1,1,1,1,1,1,0,20170828,20171104
10285,0,0,0,0,0,1,0,20170828,20171104
10286,0,0,0,0,0,0,1,20170828,20171105
10288,1,1,1,1,1,1,0,20170828,20171104
10277,0,0,0,0,0,0,1,20170508,20170702
10275,0,0,0,0,0,0,1,20170828,20171105
10276,0,0,0,0,0,0,1,20170828,20171105
10281,0,0,0,0,0,0,1,20170828,20171105
10282,0,0,0,0,0,0,1,20170828,20171105
10279,1,0,0,0,0,0,0,20170904,20171030
10280,1,0,0,0,0,0,0,20170904,20171030
10278,0,0,0,0,0,0,1,20170828,20171105
10292,0,0,0,0,0,0,1,20170828,20171105
10293,0,0,0,0,0,0,1,20170828,20171105
10294,0,0,0,0,0,0,1,20170828,20171105
10289,0,0,0,0,0,1,0,20170828,20171104
10290,1,1,1,1,1,1,0,20170904,20171104
10291,1,1,1,1,1,1,0,20170904,20171104
11078,1,1,1,1,1,0,0,20170502,20170716
11062,1,1,1,1,1,0,0,20170731,20170825
11158,0,0,0,0,0,1,1,20170501,20170723
11160,1,1,1,1,1,1,1,20170501,20170716
11154,0,0,0,0,0,1,1,20170904,20171105
11159,0,0,0,0,0,1,1,20170828,20171105
10939,0,0,0,0,0,0,1,20170716,20170723
11163,0,0,0,0,0,1,1,20170904,20171105
11162,0,0,0,0,0,1,1,20170501,20170723
11064,0,0,0,0,0,1,1,20170729,20170827
10963,1,1,1,1,1,1,1,20170729,20170827
11157,0,0,0,0,0,0,1,20170730,20170827
11164,1,1,1,1,1,0,0,20170502,20170730
11169,1,1,1,1,1,1,1,20170619,20170723
11168,1,1,1,1,1,1,1,20170828,20171022
11170,0,0,1,1,1,1,0,20170503,20170506
11165,1,1,1,1,1,0,0,20170502,20170730
11166,1,0,0,0,0,0,1,20170904,20170924
11148,1,1,1,1,1,1,1,20170605,20171105
11151,1,1,1,1,1,1,1,20170501,20170730
11150,1,1,1,1,1,1,1,20170501,20170521
11152,1,1,1,1,1,1,1,20170828,20171022
11153,1,1,1,1,1,1,1,20170501,20170521
11155,0,0,0,0,0,1,1,20170904,20171105
11156,1,0,0,0,0,0,0,20170731,20170828
11183,0,0,0,0,0,1,1,20170501,20170723
11184,0,0,0,0,0,1,1,20170904,20171105
11185,0,0,0,0,0,1,1,20170515,20170604
11186,0,0,0,0,0,0,1,20170501,20170723
11187,0,0,0,0,0,1,0,20170904,20171104
11179,0,0,0,0,0,1,1,20170904,20171105
11188,0,0,0,0,0,1,1,20170515,20170604
11182,1,1,1,1,1,0,0,20170904,20171103
10529,0,1,1,1,1,0,0,20170502,20170505
11072,1,1,1,1,1,1,1,20170729,20170827
11071,1,1,1,1,0,0,0,20170807,20170810
9829,1,1,1,1,1,0,0,20170515,20170604
11181,1,1,1,1,1,1,1,20170501,20170730
11180,1,1,1,1,1,0,0,20170904,20171103
10190,0,1,1,1,1,0,0,20170606,20170609
11173,1,1,1,1,1,1,1,20170529,20170702
11172,1,1,1,1,1,1,1,20170501,20170701
10220,1,1,1,1,1,0,0,20170612,20170616
11174,1,1,1,1,1,0,0,20170703,20170712
11176,1,1,1,1,1,1,1,20170828,20171105
11175,1,1,1,1,1,1,1,20170501,20170730
11178,1,1,1,1,1,1,1,20170529,20170702
11177,1,1,1,1,1,1,1,20171016,20171105
10234,1,1,1,1,1,0,0,20170529,20170602
11068,1,1,1,1,1,1,1,20170729,20170827
11069,1,1,1,1,1,0,0,20170807,20170811
11060,1,1,1,1,1,0,0,20170731,20170811
11061,1,1,1,1,1,1,1,20170814,20170827
11063,1,1,1,1,1,1,1,20170814,20170827
11066,0,1,1,1,1,1,0,20170801,20170812
11065,1,1,1,1,1,1,1,20170814,20170828
11080,0,0,0,0,0,1,1,20170904,20170917
10618,0,0,0,0,0,1,1,20170527,20170528
11086,0,0,0,0,0,1,1,20170904,20170917
10465,1,1,1,1,1,0,0,20170529,20170609
11085,0,0,0,0,0,0,1,20170904,20170917
11094,0,0,0,0,0,0,1,20170710,20170903
11101,1,1,1,1,1,1,0,20170502,20171104
11100,0,0,0,0,0,1,0,20170710,20170903
9777,1,1,1,1,1,0,0,20170502,20171103
11125,0,0,0,0,0,1,1,20170501,20170521
11124,0,0,0,0,0,1,1,20170501,20170521
11122,1,1,1,1,1,0,0,20170522,20170625
11121,1,1,1,1,1,0,0,20170502,20171103
11130,0,0,0,0,0,1,1,20170501,20170521
11128,1,1,1,1,1,0,0,20170904,20170917
11132,1,1,1,1,1,1,1,20170925,20171105
11127,1,0,0,0,0,0,0,20170522,20170528
10233,0,1,1,1,1,1,0,20170530,20170603
11232,0,1,1,1,1,1,0,20170530,20170610
10976,0,0,1,1,1,1,0,20170607,20170610
10223,0,1,1,1,1,1,0,20170613,20170617
11104,0,0,0,0,0,0,1,20170501,20171105
11222,1,1,1,1,1,1,1,20170501,20171105
11116,1,1,1,1,1,1,1,20170501,20170528
11224,1,1,1,1,1,1,1,20170501,20171105
11220,0,0,0,0,0,1,1,20170501,20170702
11225,1,1,1,1,1,1,1,20170501,20170528
11229,0,0,0,0,0,0,1,20170501,20171105
11228,1,1,1,1,1,1,1,20170501,20171105
11230,0,0,0,0,0,1,1,20170501,20171105
11099,1,1,1,1,1,1,0,20170502,20171104
11098,0,0,0,0,0,1,0,20170710,20170903
11218,1,1,1,1,1,1,0,20170502,20171104
10490,1,1,1,1,1,0,0,20170703,20171103
11219,0,0,0,0,0,0,1,20170501,20171105
11145,1,1,1,1,1,0,0,20170904,20170917
11146,1,1,1,1,1,1,0,20170502,20171104
11147,1,1,1,1,1,0,1,20170501,20171105
11189,1,1,1,1,1,1,1,20170619,20170730
11190,1,1,0,0,1,0,0,20170522,20170526
11191,1,1,1,1,1,1,1,20170619,20170730
11193,1,1,1,1,1,1,1,20170702,20170723
11192,0,1,1,0,0,1,0,20170523,20170527
11200,0,0,0,0,0,1,1,20170904,20171105
11194,0,0,0,0,0,1,1,20170828,20171105
11195,1,1,1,1,1,1,0,20170904,20171104
11198,1,1,1,1,1,1,1,20170828,20171022
11199,1,1,1,1,1,1,1,20170828,20171105
11197,1,1,1,1,1,1,1,20170501,20170521
11196,1,1,1,1,1,1,1,20170501,20170730
11205,1,1,1,1,1,1,1,20170501,20170730
11204,0,1,1,1,1,1,1,20170904,20171105
11208,1,1,1,1,1,0,0,20170904,20171103
11207,0,0,0,0,0,0,1,20170828,20171105
11206,0,0,0,0,0,1,1,20170828,20171105
11201,1,0,0,0,0,0,1,20170730,20170828
11203,0,0,0,0,0,1,1,20170828,20171105
11202,1,1,1,1,1,0,0,20170828,20171103
11215,0,0,0,0,0,1,1,20170501,20170723
11210,1,1,1,1,1,1,1,20170612,20170723
11212,1,1,1,1,1,1,1,20170501,20170730
11211,1,1,1,1,1,1,1,20170501,20170730
11213,1,1,1,1,1,1,1,20170612,20170730
11214,1,1,1,1,1,1,1,20170828,20171105
10581,0,0,0,0,0,1,1,20170603,20170604
11216,1,1,1,1,1,0,0,20170814,20170825
11059,1,1,1,1,1,0,0,20170816,20170825
11083,0,0,0,0,0,0,1,20170904,20170917
11134,0,0,0,0,0,0,1,20170710,20170903
11135,0,0,0,0,0,0,1,20170710,20170903
11136,0,0,0,0,0,0,1,20170710,20170903
11137,1,1,1,1,1,0,0,20170904,20170917
11133,1,1,1,1,1,0,0,20170502,20171103
11140,1,1,1,1,1,0,0,20170904,20170917
11141,1,1,1,1,1,1,1,20170724,20170820
11109,1,1,1,1,1,0,0,20170529,20170702
11138,0,0,0,0,0,0,1,20170501,20170521
11115,1,1,1,1,1,1,1,20170501,20170528
11113,1,1,1,1,1,1,1,20170501,20170528
11117,1,1,1,1,1,0,0,20170529,20170630
11108,1,1,1,1,1,1,1,20170501,20170528
11105,1,1,1,1,1,1,1,20170501,20171105
11111,1,1,1,1,1,1,1,20170501,20171105
11110,1,1,1,1,1,1,1,20170501,20171105
11118,0,0,0,0,0,1,1,20170501,20171105
11120,0,0,0,0,0,0,1,20170501,20171105
11119,1,1,1,1,1,1,1,20170501,20171105
11102,1,1,1,1,1,1,0,20170703,20171104
11103,1,1,1,1,1,1,0,20170502,20170701
11258,1,0,0,0,0,0,0,20170501,20170508
11270,0,0,0,0,0,1,1,20170529,20170625
10211,1,1,1,1,1,0,0,20170502,20171103
11269,1,1,1,1,1,0,0,20170626,20170714
11259,0,0,0,0,0,1,1,20170506,20170806
11271,0,0,0,0,0,1,0,20170814,20171104
11254,0,0,0,0,0,1,1,20170501,20170806
11256,0,0,0,0,0,1,1,20170501,20170806
10772,1,1,1,1,1,0,0,20170502,20170524
11255,1,1,1,1,1,1,1,20170501,20171105
11260,1,1,1,1,1,1,1,20170501,20171105
11266,1,1,1,1,1,1,1,20170501,20171105
10876,0,0,0,0,0,1,0,20170506,20170806
11261,0,0,0,0,0,1,1,20170501,20170806
11267,1,1,1,1,1,1,1,20170501,20171105
11272,1,1,1,1,1,1,0,20170502,20171104
11273,0,1,0,0,0,0,0,20170502,20170509
11268,1,1,1,1,1,1,1,20170501,20171105
11274,1,1,0,0,0,0,0,20171002,20171031
10477,0,0,0,0,0,1,0,20170617,20170624
11275,1,1,1,1,1,0,0,20170821,20170825
11277,1,1,1,1,1,0,0,20170717,20170728
11257,1,1,1,1,1,0,0,20170626,20170716
11262,1,1,1,1,1,1,0,20170502,20171104
11263,1,1,1,1,1,1,0,20170502,20171104
11265,1,0,0,0,0,0,1,20170501,20171105
11264,0,0,0,0,0,1,1,20170814,20171001
10592,0,0,0,0,0,1,1,20170605,20170910
10593,1,0,0,0,0,1,1,20170501,20170525
10555,0,0,0,0,0,0,1,20170917,20170924
10600,0,0,0,0,0,0,1,20170605,20170910
10599,1,0,0,0,0,1,1,20170501,20170514
10601,1,0,0,0,0,0,1,20170501,20170514
10603,0,0,0,0,0,1,1,20170612,20170910
10602,1,0,0,0,0,1,1,20170501,20170514
10594,1,1,1,1,1,0,0,20170529,20171103
10595,1,0,0,0,0,1,1,20170501,20170514
10598,0,0,0,0,0,1,1,20170605,20170910
10597,1,1,1,1,1,0,1,20170529,20170611
10596,1,1,1,1,1,1,1,20170501,20170526
10583,0,0,0,0,0,1,1,20170520,20170528
9871,0,0,0,0,0,1,0,20170520,20170603
10579,0,0,0,0,0,1,0,20170520,20170527
10580,0,0,0,0,0,0,1,20170528,20170604
10586,0,0,0,0,0,1,1,20170527,20170611
10604,0,0,0,0,0,1,1,20170612,20170910
10616,1,1,1,1,1,0,0,20170626,20170713
10617,1,1,1,1,1,0,0,20170529,20170611
10615,1,1,1,1,1,0,0,20170502,20170526
10605,1,1,1,1,1,0,0,20170502,20170526
10619,0,0,0,0,0,1,1,20170520,20170528
10611,1,1,1,1,1,0,0,20170509,20170526
10610,1,1,1,1,1,0,0,20170612,20170721
10372,1,1,1,1,1,0,0,20170612,20170630
10613,1,1,1,1,1,1,0,20170617,20171104
10612,0,1,1,1,1,1,0,20170502,20170513
10606,1,1,1,1,1,0,0,20170515,20170526
10609,1,1,1,1,1,1,1,20170529,20171105
10608,1,1,1,1,1,1,1,20170501,20170514
10128,0,1,1,1,1,0,0,20170502,20170512
10614,1,1,1,1,1,0,0,20170724,20171103
10526,0,0,0,0,0,1,1,20170917,20171008
10527,1,0,0,0,0,0,1,20170918,20171009
10530,1,1,1,1,1,0,0,20170612,20171103
10063,0,1,1,1,0,0,0,20170509,20170511
10531,1,1,1,1,1,0,0,20170515,20170609
10545,0,0,0,0,0,1,1,20170506,20170701
10546,0,0,0,0,0,1,1,20170702,20171105
10543,1,0,0,0,0,1,1,20170501,20170514
10544,0,0,0,0,0,1,1,20170702,20171105
10542,0,0,0,0,0,1,1,20170702,20171105
10551,1,1,1,1,0,0,0,20170814,20170817
10550,1,1,1,1,1,1,1,20170702,20171105
10549,1,1,1,1,1,1,1,20170501,20170701
10157,1,1,1,1,1,1,1,20170702,20171105
10552,1,1,1,1,1,0,0,20170703,20171103
10547,1,0,0,0,0,1,1,20170501,20170514
10548,1,1,1,1,1,1,1,20170501,20170701
10632,1,1,1,1,1,0,0,20170703,20170903
10634,1,1,1,1,1,0,0,20170703,20171103
10633,1,0,0,0,0,1,1,20170501,20170514
10635,0,0,0,0,0,1,1,20170506,20170701
9707,0,1,1,1,1,0,0,20170509,20170512
10533,0,1,1,1,1,1,0,20170516,20170610
10628,0,0,0,0,0,0,1,20170916,20170924
10627,1,1,1,1,1,0,0,20170515,20170604
9807,0,1,1,0,0,0,0,20170808,20170809
10564,1,1,1,1,1,1,1,20170501,20171105
10626,1,1,1,1,1,1,1,20170501,20171105
10518,0,0,0,0,0,1,1,20170916,20170924
10630,0,0,0,0,1,1,0,20170915,20170923
10119,0,0,1,1,1,1,0,20170503,20170506
10112,0,0,1,1,1,1,0,20170510,20170513
10554,0,0,0,0,1,0,0,20170915,20170922
10631,0,0,0,0,1,1,0,20170915,20170923
10553,1,1,1,1,1,0,0,20170703,20171103
10620,1,1,1,1,1,0,0,20170911,20171008
10622,0,1,1,1,1,1,0,20170613,20170806
10621,1,0,0,0,0,0,1,20170522,20170806
10625,1,1,1,1,1,0,0,20170911,20171008
10624,1,1,1,1,1,0,0,20170515,20170604
10623,1,1,1,1,1,0,0,20170911,20171008
10575,1,1,1,1,1,0,0,20170612,20171103
10576,0,0,0,0,1,0,0,20170929,20171006
10574,1,1,1,1,1,0,0,20170904,20171102
9638,0,0,0,0,0,1,0,20170527,20170603
9884,0,0,0,0,0,1,1,20170520,20170521
10521,1,1,1,1,1,0,0,20170515,20170604
10514,0,0,0,0,0,1,1,20170522,20170924
9881,0,0,0,0,0,1,0,20170520,20170603
10523,1,1,1,1,1,0,0,20170911,20171008
10513,0,0,0,0,0,1,0,20170916,20170923
10520,0,0,0,0,1,1,1,20170915,20170924
10519,0,0,0,0,0,1,1,20170522,20170910
10516,1,1,1,1,1,1,1,20170501,20171105
10517,1,1,1,1,1,1,0,20170911,20171008
10522,1,1,1,1,1,0,1,20170911,20171008
10515,1,1,1,1,1,1,1,20170501,20171105
10535,0,1,1,1,1,1,0,20170612,20171104
10536,0,0,0,0,0,0,1,20171001,20171008
10534,0,1,1,1,1,1,0,20170502,20170513
10532,0,0,0,0,0,0,1,20170916,20171008
10568,0,0,0,0,0,1,1,20170501,20171105
10571,1,1,1,1,1,1,1,20170501,20171105
10433,1,1,1,1,1,0,0,20170703,20170901
10569,0,0,0,0,0,1,1,20170522,20171105
10566,1,1,1,1,1,1,1,20170501,20171105
10567,0,0,0,0,1,1,1,20170904,20171105
10358,1,1,1,1,1,0,0,20170904,20171103
10573,0,0,0,0,0,1,1,20170522,20171105
10572,0,0,0,0,0,1,1,20170522,20171105
10570,0,0,0,0,0,1,1,20170522,20170902
10561,0,0,0,0,0,1,1,20170703,20170910
10562,0,0,0,0,0,0,1,20170522,20170910
10560,1,1,1,1,1,1,0,20170911,20171008
10565,1,1,1,1,1,1,0,20170502,20171104
10563,1,1,1,1,1,0,1,20170501,20171105
10557,1,1,1,1,1,1,1,20170501,20171105
10558,1,1,1,1,1,1,0,20170502,20171104
10559,1,1,1,1,1,1,1,20170702,20171105
10556,1,1,1,1,1,1,1,20170501,20170701
10511,0,0,0,0,0,1,1,20170501,20170924
10509,1,1,1,1,1,1,1,20170501,20171105
10512,1,1,1,1,1,0,1,20170911,20171008
10510,1,1,1,1,1,0,0,20170911,20171008
10539,1,1,1,1,1,0,0,20170911,20171008
10538,1,1,1,1,1,0,0,20170612,20171103
10540,0,0,0,0,0,1,1,20170903,20171105
9463,0,1,1,1,1,0,0,20170502,20170505
10537,1,1,1,1,1,0,0,20170512,20170609
10959,1,1,1,1,1,1,1,20170501,20171105
10960,0,0,0,0,0,1,1,20170716,20170826
10969,1,1,1,1,1,1,1,20170501,20171105
10966,0,0,1,1,1,1,0,20170503,20170506
10967,0,0,1,1,1,0,0,20170607,20170609
10968,1,0,0,0,0,0,1,20170918,20171015
9623,0,0,0,0,0,0,1,20170716,20170820
11041,1,1,1,1,1,1,1,20170501,20170716
10196,0,0,0,0,0,1,1,20170501,20171105
10985,0,0,0,0,0,1,1,20170501,20170716
11040,1,1,1,1,1,1,1,20170501,20171105
10108,1,1,1,1,1,1,1,20170501,20171105
11043,1,1,1,1,1,1,1,20170501,20171105
10420,0,0,0,0,0,0,1,20170501,20171105
9586,1,1,1,1,1,0,0,20170717,20170825
11042,0,0,0,0,0,1,1,20170501,20171105
10411,0,0,0,0,0,1,0,20170506,20171104
9776,1,1,1,1,1,0,0,20170502,20170716
10979,1,1,1,1,1,1,1,20170502,20171105
10973,1,1,1,1,1,1,1,20170501,20171105
10977,1,1,1,1,1,1,1,20170501,20171105
10978,0,0,0,0,0,0,1,20170917,20170924
10980,1,1,1,1,1,1,1,20170502,20171105
10981,1,1,1,1,1,1,1,20170501,20171105
10919,1,1,1,1,1,1,1,20170501,20171105
10926,0,0,0,0,0,1,0,20170506,20170910
10964,1,1,1,1,1,1,1,20170501,20171105
10961,1,1,1,1,1,1,1,20170502,20171105
10918,0,0,0,0,0,1,1,20170501,20170910
10921,1,1,1,1,1,1,1,20170501,20170701
10923,1,1,1,1,1,1,1,20170501,20170701
10962,1,1,1,1,1,1,1,20170501,20170730
10924,0,0,0,0,0,1,1,20170612,20170716
11047,1,1,1,1,1,1,0,20170502,20170716
11051,0,0,0,0,0,1,1,20170501,20171105
11048,0,0,0,0,0,0,1,20170821,20171105
11049,0,0,0,0,0,1,0,20170722,20170826
11050,0,0,0,0,0,1,0,20170506,20171104
11058,1,0,0,0,0,1,1,20170501,20170521
10199,1,1,1,1,1,0,0,20170502,20171103
11056,1,1,0,0,0,0,1,20170501,20170522
11057,1,0,0,0,0,0,0,20171002,20171030
10934,0,0,0,0,0,1,0,20170506,20170520
9698,0,0,0,0,0,0,1,20170514,20170521
11010,1,0,0,0,0,0,1,20170501,20170507
11012,1,1,1,1,1,1,1,20170502,20171105
10996,0,0,0,0,0,1,0,20170506,20170520
11003,1,1,1,1,1,1,1,20170501,20171105
11020,1,1,1,1,1,1,1,20170501,20171105
11019,0,0,0,0,0,1,0,20170506,20170520
11009,0,0,0,0,0,1,0,20170612,20171104
11016,0,0,0,0,0,1,1,20170501,20171105
11017,1,1,1,1,1,1,1,20170502,20171105
11018,0,0,0,0,0,1,1,20170501,20170521
11013,1,1,1,1,1,1,1,20170502,20171105
11022,1,1,1,1,1,0,0,20170703,20170825
11025,1,0,0,0,0,0,1,20170501,20170521
11023,0,0,0,0,0,0,1,20170528,20171105
11024,0,0,0,0,0,1,0,20170527,20171104
11021,1,1,1,1,1,0,0,20170502,20170716
11000,1,1,1,1,1,1,1,20170501,20171105
11004,0,0,0,0,0,1,1,20170506,20170521
11006,0,0,0,0,0,1,1,20170501,20171105
11005,0,0,0,0,0,1,1,20170501,20171105
10998,0,0,0,0,0,1,1,20170501,20171105
10999,0,0,0,0,0,1,1,20170501,20171105
10997,1,1,1,1,1,0,0,20170502,20170716
11002,1,1,1,1,1,1,1,20170501,20171105
11001,0,0,0,0,0,1,1,20170501,20171105
11007,0,0,0,0,0,1,1,20170828,20171105
11011,0,0,0,0,0,1,1,20170506,20171105
11015,0,0,0,0,0,1,1,20170828,20171105
11014,0,0,0,0,0,1,1,20170501,20171105
11008,0,0,0,0,0,1,1,20170522,20171105
10912,0,0,0,0,0,1,0,20170527,20171008
10911,1,1,1,1,1,1,1,20170502,20171105
10913,1,1,1,1,1,1,0,20170502,20171104
10900,0,0,0,0,0,1,1,20170525,20171105
10908,0,0,0,0,0,1,1,20170724,20171105
10909,1,1,1,1,1,1,1,20170502,20171105
10910,0,0,0,0,0,1,1,20170525,20171105
10901,1,1,1,1,1,1,1,20170502,20171105
10917,1,1,1,1,1,1,1,20170525,20171105
10899,1,1,1,1,1,0,0,20170515,20170604
10915,0,0,0,0,0,1,1,20170525,20171008
10914,0,0,0,0,0,1,1,20170525,20171008
10916,1,1,1,1,1,1,1,20170502,20171105
10897,1,0,0,0,0,0,1,20170731,20171001
10898,1,1,1,1,1,1,1,20170528,20170626
9499,1,1,1,1,1,0,0,20170828,20171103
10905,0,0,0,0,0,1,1,20170603,20170625
10904,1,1,1,1,1,0,0,20170502,20170702
10903,0,0,0,0,0,1,1,20170525,20170701
10907,1,0,0,0,0,0,1,20170724,20170917
10906,0,0,0,0,0,1,1,20170626,20171008
11067,0,1,1,1,1,1,0,20170817,20170826
11070,1,0,1,0,1,1,1,20170729,20170827
10982,1,1,1,1,1,1,1,20170501,20171105
10983,1,1,1,1,1,1,1,20170501,20171105
10984,1,1,1,1,1,1,1,20170501,20171105
10730,0,0,0,0,0,1,1,20170501,20171105
11076,0,0,0,0,0,0,1,20171014,20171022
11074,0,0,0,0,0,1,0,20171014,20171021
11073,0,0,0,0,0,0,1,20171015,20171022
10975,1,1,1,1,1,1,1,20170502,20171105
10950,1,1,1,1,1,0,0,20170612,20170820
9894,0,0,0,0,0,1,0,20170513,20170520
10951,1,1,1,1,1,1,0,20170522,20170709
10941,0,0,0,0,0,1,0,20170525,20170709
10940,0,0,0,0,0,0,1,20170612,20170806
10949,0,0,0,0,1,1,0,20170714,20170722
10948,0,0,0,0,0,0,1,20170716,20170723
10954,1,1,1,1,1,1,0,20170522,20170702
10947,1,0,0,0,0,0,1,20170501,20170508
10943,0,0,0,0,1,1,0,20170714,20170722
10958,0,0,0,0,0,1,0,20170525,20170709
10927,1,1,1,1,1,0,0,20170502,20170820
10953,0,0,0,0,0,1,0,20170715,20170722
10957,1,1,1,1,1,1,1,20170522,20170709
10928,1,1,1,1,1,0,0,20170821,20170929
10956,0,0,0,0,0,0,1,20170528,20170709
10929,0,0,0,0,0,1,0,20170923,20170930
10930,0,0,0,0,0,1,0,20170724,20170916
10015,1,1,1,1,1,0,0,20170515,20170519
10938,1,1,1,1,1,1,1,20170522,20170709
10942,1,1,1,1,1,0,0,20170502,20170820
10935,0,0,0,0,0,1,1,20170714,20170723
10936,1,1,1,1,1,1,1,20170522,20170709
10937,1,0,0,0,0,0,1,20170501,20170507
10946,0,0,0,0,0,0,1,20170528,20170709
10944,0,0,0,0,0,0,1,20170612,20170806
10945,1,1,1,1,1,0,0,20170612,20170820
10952,1,1,1,1,1,0,1,20170522,20170709
9903,1,1,1,1,0,0,0,20170515,20170518
10932,1,1,1,1,1,0,0,20170612,20170806
10933,1,1,1,1,1,0,0,20170612,20170709
11055,1,1,1,1,1,1,1,20170501,20171105
10974,1,1,1,1,1,1,1,20170506,20171001
10971,1,1,1,1,1,1,1,20170506,20171001
10972,1,1,1,1,1,1,1,20170501,20170701
10925,0,0,0,0,0,1,1,20170612,20170709
10922,1,1,1,1,1,1,1,20170501,20171001
10920,1,1,1,1,1,1,1,20170501,20170701
11054,1,1,1,1,1,1,1,20170716,20170826
11052,0,0,0,0,0,1,0,20170506,20170716
11053,0,0,0,0,0,1,1,20170501,20171105
11039,1,1,1,1,1,1,1,20170501,20171105
11038,0,0,0,0,0,1,1,20170501,20170716
11037,1,1,1,1,1,0,0,20170502,20171103
11027,1,1,1,1,1,1,1,20170502,20171105
11028,0,0,0,0,0,1,1,20170501,20171105
11026,1,1,1,1,1,1,1,20170501,20171105
11035,1,1,1,1,1,1,1,20170502,20171105
11036,1,0,0,0,0,1,1,20170501,20170520
11034,1,1,1,1,1,1,1,20170502,20171105
11031,0,0,0,0,0,1,0,20170506,20170513
11032,0,0,0,0,0,0,1,20170501,20170521
11029,0,0,0,0,0,1,0,20170612,20171104
11033,0,0,0,0,0,1,1,20170506,20171105
10990,1,1,1,1,1,1,0,20170502,20171104
10989,0,0,0,0,0,1,1,20170525,20171008
10987,0,0,0,0,0,1,1,20170724,20171105
10988,1,1,1,1,1,1,1,20170502,20171105
9462,1,1,1,1,1,0,0,20170703,20170713
10993,1,1,1,1,1,0,0,20170502,20171103
10994,1,1,1,1,1,0,0,20170502,20171103
10992,0,0,0,0,0,1,1,20170527,20171008
10991,1,1,1,1,1,1,1,20170502,20171105
11077,0,0,0,0,0,1,1,20171014,20171015
11046,1,1,1,1,1,0,1,20170501,20171105
11045,1,1,1,1,1,0,1,20170501,20171105
11044,1,1,1,1,1,1,1,20170501,20171105
10670,1,1,1,1,1,1,1,20170902,20171105
10671,1,1,1,1,1,1,1,20170501,20170901
10685,1,1,1,1,1,1,1,20170501,20170901
10453,1,1,1,1,1,0,0,20170904,20171103
10669,1,1,1,1,1,0,0,20170502,20170901
10684,1,1,1,1,1,1,0,20170902,20171104
10682,1,1,1,1,1,1,1,20170501,20170901
10686,1,1,1,1,1,1,1,20170501,20170901
10681,1,1,1,1,1,1,1,20170501,20170901
10678,1,1,1,1,1,1,1,20170514,20170901
10679,1,1,1,1,1,1,1,20170902,20171105
10680,1,1,1,1,1,1,1,20170501,20170901
10683,1,1,1,1,1,1,0,20170502,20170901
10675,0,0,0,0,0,1,1,20170902,20171105
10676,0,0,0,0,0,1,1,20170514,20170903
10673,0,0,0,0,0,1,1,20170514,20170827
10674,1,1,1,1,1,0,0,20170918,20170929
10677,0,0,0,0,0,1,1,20170909,20171105
10749,0,0,0,0,1,0,0,20170929,20171020
10748,1,1,1,1,1,0,0,20170918,20171020
10696,1,1,1,1,1,0,0,20170502,20170716
10698,1,1,1,1,1,0,0,20170502,20170716
10728,1,1,1,1,1,1,1,20170501,20171105
10692,0,0,0,0,0,1,1,20170501,20171105
10689,1,1,1,1,1,1,1,20170502,20171105
10656,1,1,1,1,1,0,0,20170502,20171103
10694,0,0,0,0,0,1,0,20170526,20171104
10693,0,0,0,0,0,1,1,20170525,20171105
10729,0,0,0,0,0,1,1,20170527,20171105
10690,1,1,1,1,1,1,1,20170501,20171105
10708,1,0,0,0,0,0,1,20170508,20170514
10717,1,1,1,1,1,0,0,20170522,20170630
10716,1,1,1,1,1,0,0,20170703,20171020
10711,0,0,0,0,0,1,1,20170501,20171105
10710,1,1,1,1,1,1,1,20170501,20171105
10709,0,0,0,0,0,1,1,20170501,20171105
10714,0,0,0,0,0,1,1,20170501,20171105
10713,1,1,1,1,1,1,1,20170501,20171105
10719,0,0,0,0,0,0,1,20170501,20171105
10720,0,0,0,0,0,1,0,20170506,20171104
10721,1,1,1,1,1,1,1,20170918,20171022
10722,1,1,1,1,1,1,1,20170501,20171105
10414,1,1,1,1,1,1,0,20170502,20171104
10699,1,1,1,1,1,0,0,20170501,20170512
9770,0,1,1,0,0,0,0,20171031,20171101
10702,1,1,1,1,1,0,0,20170515,20170524
10704,1,1,1,1,1,0,0,20170626,20170707
10705,0,0,0,0,0,0,1,20170508,20170514
10488,1,1,1,1,1,0,0,20170605,20170609
10706,0,0,0,0,0,1,1,20170508,20170514
10743,0,0,0,0,0,1,1,20170501,20171105
10744,0,0,0,0,1,1,0,20170526,20170527
10745,0,0,0,0,0,0,1,20170501,20171105
10734,1,1,1,1,1,0,1,20170501,20171105
10741,1,1,1,1,1,1,1,20170501,20171105
10742,1,1,1,1,1,1,1,20170501,20171105
10740,1,1,1,1,1,1,1,20170529,20170709
10737,0,0,0,1,1,0,0,20170525,20170526
10747,0,0,0,0,0,1,0,20170529,20171104
10746,1,0,0,0,0,0,1,20170501,20171105
10736,1,1,1,1,1,0,0,20170612,20170716
10738,1,1,1,1,1,1,1,20170501,20171105
10739,1,1,1,1,1,1,1,20170501,20171105
9487,1,1,1,1,1,0,0,20170515,20170604
10654,1,1,1,1,1,0,0,20170612,20170623
10650,1,1,1,1,1,0,0,20171023,20171103
10659,0,1,1,1,1,1,0,20170530,20170813
10657,1,1,1,1,1,1,1,20170619,20170813
10648,0,0,0,0,1,1,0,20170929,20171021
10647,1,1,1,1,1,0,0,20170717,20170811
10653,1,1,1,1,1,0,0,20170904,20170915
10759,0,0,0,0,0,1,1,20170501,20171105
10757,0,1,1,1,1,1,0,20170503,20170525
10660,1,1,1,1,1,1,1,20170501,20171105
10663,1,1,1,1,1,1,1,20170501,20171105
10662,1,1,1,1,1,1,1,20170514,20171105
10661,1,1,1,1,1,1,1,20170501,20171105
10665,1,1,1,1,1,1,0,20170502,20171104
10667,0,0,0,0,0,1,1,20170514,20171105
10666,1,1,1,1,1,1,1,20170501,20171105
10664,1,1,1,1,1,1,1,20170501,20171105
10668,1,1,1,1,1,1,1,20170501,20171105
10751,1,1,1,1,1,1,1,20170502,20171105
10750,1,1,1,1,1,0,0,20170918,20171013
10697,1,1,1,1,1,0,0,20170502,20171103
10688,0,0,0,0,0,1,1,20170501,20170716
10687,0,0,0,0,0,1,1,20170828,20171105
10691,1,1,1,1,1,1,1,20170501,20171105
10695,0,0,0,0,0,1,0,20170526,20171104
10724,0,0,0,0,0,1,0,20170506,20170520
10727,0,0,0,0,0,1,1,20170501,20170528
10726,1,0,0,0,0,0,1,20170501,20171105
10753,1,1,1,1,1,0,0,20170502,20170524
10754,0,1,1,1,1,1,0,20170817,20170903
10752,0,1,1,1,1,1,0,20170503,20170525
10735,1,1,1,1,1,1,1,20170529,20170730
10732,0,0,0,0,0,1,1,20170515,20170604
10731,0,0,0,0,0,1,1,20170828,20171105
10733,1,1,1,1,1,1,1,20170501,20171105
10756,1,1,1,1,1,0,0,20171002,20171019
10755,1,1,1,1,1,0,0,20171002,20171020
10439,1,1,1,1,1,1,1,20170501,20171105
10376,1,1,1,1,1,0,0,20170724,20170818
10371,1,1,1,1,0,0,0,20170724,20170817
10295,1,1,1,1,1,0,0,20170502,20170723
10391,0,0,0,0,1,0,0,20170717,20171015
10390,1,1,1,1,1,0,0,20170821,20170929
10252,1,1,1,1,1,0,0,20170703,20170707
10388,0,1,1,1,1,0,0,20170502,20170519
10389,1,1,1,1,0,0,0,20170821,20171102
9613,0,0,0,0,0,1,1,20170506,20170507
10386,0,0,0,0,0,0,1,20170730,20170806
10387,0,0,0,0,0,0,1,20170814,20171105
10392,1,1,1,1,1,0,1,20170918,20171022
10298,1,1,1,1,1,1,1,20170501,20170723
10315,1,1,1,1,1,1,0,20170724,20170818
10299,1,1,1,1,1,1,1,20170724,20170818
10296,1,1,1,1,1,0,0,20170724,20170818
10314,1,1,1,1,1,1,1,20170501,20170723
10393,1,1,1,1,1,0,0,20170821,20171103
10313,0,0,0,0,0,0,1,20170730,20170806
10394,0,0,0,0,0,1,1,20170612,20170723
10319,0,0,0,0,0,1,1,20170729,20170806
10373,1,1,1,1,1,0,0,20170821,20171103
10374,1,1,1,1,1,0,0,20170502,20170609
10370,1,1,1,1,0,0,0,20170515,20170604
10366,0,0,0,0,0,1,0,20170506,20170701
10369,0,0,0,0,0,0,1,20170501,20170625
10368,0,0,0,0,1,0,0,20170728,20170818
10367,0,0,0,0,0,0,1,20170515,20170604
10375,1,1,1,1,1,1,1,20170724,20170818
10382,0,0,0,0,1,0,0,20170505,20170630
10381,1,1,1,1,1,0,0,20171002,20171103
10311,0,0,0,0,0,1,0,20170729,20170805
10385,0,0,0,0,0,1,1,20170612,20170806
10384,1,1,1,1,0,0,0,20170821,20171102
10383,1,1,1,1,1,0,0,20170619,20170630
10380,1,1,1,1,1,1,1,20170501,20170723
10378,1,1,1,1,1,1,1,20170501,20171105
10377,0,0,0,0,1,0,0,20170505,20171103
10379,0,0,0,0,0,1,0,20170814,20170917
10406,1,1,1,1,1,1,0,20170502,20170723
10407,1,1,1,1,1,1,1,20170723,20170818
10405,1,1,1,1,1,1,1,20170501,20170723
10409,1,1,1,1,1,1,1,20170724,20170818
10408,0,0,0,0,0,0,1,20170730,20170813
10398,0,0,0,0,1,1,1,20170508,20170528
10396,1,1,1,1,1,0,0,20170502,20170723
10403,1,1,1,1,1,1,1,20170501,20170723
10402,1,1,1,1,1,1,0,20170724,20170818
10324,1,1,1,1,1,1,1,20170501,20170723
10401,0,0,0,0,0,1,1,20170807,20170813
10399,0,0,0,0,0,1,1,20170529,20170716
10400,0,0,0,0,0,0,1,20170729,20170806
10150,0,0,0,0,0,1,1,20170501,20171105
10486,1,1,1,1,1,1,1,20170501,20171105
10421,0,0,0,0,0,0,1,20170807,20171105
10496,1,1,1,1,1,0,0,20170502,20170825
10302,1,1,1,1,1,1,1,20170725,20170819
10163,0,0,0,0,0,1,1,20170729,20170730
10297,1,1,1,1,1,1,1,20170724,20170818
10162,0,0,0,0,1,1,1,20170728,20170730
10305,0,0,0,0,1,1,1,20170508,20170528
10304,1,0,0,0,0,1,1,20170501,20170528
10303,1,0,0,0,0,1,1,20170501,20170528
10161,0,0,0,0,0,1,1,20170729,20170730
10301,0,0,0,0,0,1,1,20170729,20170806
10300,1,1,1,1,1,1,1,20170807,20171105
10321,0,0,0,0,0,1,1,20170729,20170813
10322,0,0,0,0,0,1,1,20170702,20170723
10323,1,1,1,1,1,0,1,20170724,20170818
10320,1,0,0,0,0,1,1,20170724,20170813
10309,0,1,0,0,0,0,0,20170725,20170815
10308,1,0,1,1,1,1,1,20170724,20170818
10306,0,0,0,0,1,1,1,20170508,20170528
10307,1,1,1,1,1,1,1,20170724,20170818
10312,0,0,0,0,0,1,0,20170708,20170723
10310,1,1,1,1,1,1,1,20170501,20170723
10318,1,1,1,1,1,1,1,20170501,20170723
10317,0,1,1,1,1,0,0,20170725,20170818
10316,1,1,1,1,1,0,0,20170724,20170818
10495,1,1,1,1,1,1,0,20170502,20171104
10494,1,1,1,1,1,1,1,20170501,20171105
10151,1,1,1,1,1,1,1,20170501,20171105
10416,1,1,1,1,1,1,1,20170501,20171105
10417,0,0,0,0,0,1,1,20170501,20171105
10455,0,1,1,1,1,0,0,20170904,20171103
10456,0,1,1,1,1,0,0,20170704,20170901
10363,0,0,0,0,0,0,1,20170702,20170806
10454,0,0,0,0,0,0,1,20170903,20170917
10457,0,0,0,0,0,0,1,20170828,20171105
10458,1,1,1,1,1,0,0,20170501,20170702
10331,0,0,0,0,0,0,1,20170702,20170806
10442,1,1,1,1,1,0,0,20170703,20170901
10463,1,1,1,1,1,0,0,20170619,20170630
10462,1,1,1,1,1,1,0,20170515,20170604
10464,1,1,1,1,1,0,0,20171002,20171022
10336,1,1,1,1,1,0,0,20170703,20170901
10460,0,0,0,0,0,1,0,20170617,20170701
10459,0,1,1,1,1,0,0,20170613,20170630
10333,0,0,0,0,0,1,0,20170708,20170806
10121,0,1,1,1,1,0,0,20170502,20170519
10444,0,0,0,0,0,0,1,20170828,20171105
10355,0,0,0,0,0,0,1,20170702,20170806
10445,1,1,1,1,1,0,0,20170703,20171020
10441,0,0,0,0,0,1,1,20170702,20170806
10443,1,1,1,1,1,1,1,20170501,20170702
10440,1,1,1,1,1,0,0,20170502,20170611
10446,1,1,1,1,1,0,0,20170904,20171103
10452,1,0,0,0,0,0,1,20170501,20170514
10447,0,0,0,0,0,0,1,20170618,20170625
10448,1,0,0,0,0,1,1,20170702,20170828
10451,1,1,1,1,1,0,0,20170502,20170609
10450,1,0,0,0,0,1,0,20170612,20170701
10449,1,0,0,0,0,1,1,20170515,20170604
10466,1,1,1,1,1,1,1,20170702,20170901
10484,0,0,0,0,0,1,0,20170812,20170813
10485,1,1,1,1,1,1,0,20170904,20171104
10215,0,0,0,0,0,1,1,20170812,20170813
10356,1,1,1,1,1,1,0,20170703,20170901
10332,1,1,1,1,1,1,1,20170702,20170901
10423,1,1,1,1,1,1,1,20170702,20170901
10424,1,1,1,1,1,1,1,20170702,20170901
10329,1,1,1,1,1,1,1,20170501,20170702
10435,1,1,1,1,1,1,0,20170703,20170901
10475,1,1,1,1,1,0,0,20170710,20170901
10476,0,0,0,0,0,1,0,20170506,20170610
10478,1,1,1,1,1,0,0,20170904,20170929
10474,1,1,1,1,1,0,1,20170702,20170901
10470,1,1,1,1,1,1,1,20170904,20171001
10467,0,0,0,0,0,1,0,20170708,20170805
10471,0,0,0,0,0,1,0,20170819,20170826
10472,1,1,1,1,1,1,1,20170508,20170702
10480,1,1,1,1,1,1,0,20170708,20170901
10479,0,0,0,0,0,0,1,20170702,20170806
10483,0,0,0,0,0,1,1,20170529,20170625
10481,1,1,1,1,1,1,1,20170904,20171105
10482,1,1,1,1,1,1,1,20170702,20170901
10489,1,1,1,1,1,1,1,20170501,20171105
10425,1,1,1,1,1,1,1,20170501,20170702
10430,1,1,1,1,1,1,1,20170508,20171105
10427,1,1,1,1,1,0,0,20170522,20170604
10143,1,1,1,1,1,0,0,20170501,20170505
10181,1,1,1,1,1,0,0,20170605,20170611
10487,1,1,1,1,1,0,0,20170619,20170623
10152,1,1,1,1,1,1,1,20170501,20171105
10155,0,0,0,0,0,1,1,20170501,20171105
10431,0,0,0,0,0,1,0,20170513,20171104
10418,0,0,0,0,0,0,1,20170702,20170723
10419,0,0,0,0,0,0,1,20170828,20171105
10415,1,1,1,1,1,1,0,20170502,20171104
10413,1,1,1,1,1,1,1,20170501,20171105
10412,1,1,1,1,1,0,1,20170501,20171105
10410,1,1,1,1,1,1,1,20170501,20171105
10492,1,1,1,1,1,0,0,20170502,20170531
10493,0,0,0,1,1,0,0,20170601,20170602
10491,1,1,1,1,1,0,0,20170606,20170825
10359,0,0,0,0,0,1,1,20170731,20170827
10364,1,1,1,1,1,1,1,20170702,20170901
10360,1,1,1,1,1,1,1,20170501,20170702
10340,1,1,1,1,1,1,1,20170710,20170831
10339,1,1,1,1,1,0,0,20170918,20171008
10327,1,1,1,1,1,1,1,20170702,20170901
10361,0,0,0,0,0,1,1,20170702,20170723
10328,0,0,0,0,0,1,1,20170812,20170813
10330,0,0,0,0,0,1,0,20170708,20170723
10335,0,0,0,0,0,0,1,20170828,20171105
10338,1,1,1,1,1,0,1,20170702,20170901
10337,1,1,1,1,1,1,1,20170501,20170702
10362,1,1,1,1,1,0,0,20170904,20171103
10325,1,1,1,1,1,0,0,20170612,20170618
10253,0,1,1,1,1,1,0,20170704,20170708
10343,1,1,1,1,1,1,1,20170702,20170831
10348,1,1,1,1,1,1,1,20170904,20170924
10350,1,1,1,1,1,1,1,20170904,20170924
10349,1,1,1,1,1,0,0,20170710,20170714
10341,0,0,0,0,1,1,1,20170811,20170813
10347,1,1,1,1,1,1,1,20170702,20170901
10344,0,0,0,0,0,1,1,20170702,20170723
10342,1,1,1,1,1,1,1,20170529,20170611
10346,1,1,1,1,1,1,1,20170904,20171105
10345,1,1,1,1,1,1,1,20170904,20171105
10354,1,1,1,1,1,1,1,20170904,20171105
10353,1,1,1,1,1,0,0,20170717,20170806
10357,0,0,0,0,0,1,0,20170828,20171104
10351,1,1,1,1,1,1,1,20170702,20170901
10352,1,1,1,1,1,1,1,20170702,20170901
10428,1,1,1,1,0,0,0,20170501,20170504
10422,1,1,1,1,1,1,1,20170501,20170702
10426,0,0,0,0,0,1,1,20170506,20170507
10438,1,1,1,1,1,1,1,20170702,20170901
10432,0,0,0,0,0,1,1,20170702,20170827
10436,1,1,1,1,1,1,0,20170904,20171104
10437,1,1,1,1,1,1,1,20170501,20170702
10434,0,0,0,0,0,1,1,20170828,20171105
10880,0,0,0,0,1,1,1,20170811,20170813
10883,0,0,0,0,0,1,1,20170812,20170813
10874,1,1,1,1,1,1,0,20170502,20171104
10875,1,1,1,1,1,1,1,20170501,20171105
10879,1,1,1,1,1,0,1,20170501,20171105
10873,0,0,0,0,0,0,1,20170501,20170806
10878,1,1,1,1,1,1,1,20170501,20171105
10877,0,0,0,0,0,1,1,20170501,20170806
12077,1,1,1,1,1,1,1,20170501,20170716
12075,0,0,0,0,0,1,1,20170904,20171105
12078,1,1,1,1,1,1,1,20170904,20171105
12079,1,1,1,1,1,1,1,20170904,20171105
11609,0,0,0,0,0,1,1,20170603,20170604
12085,0,0,0,0,0,1,1,20170828,20171105
12088,0,1,1,1,1,1,0,20170801,20170826
12092,1,1,0,0,0,0,0,20170605,20170606
12087,1,1,1,1,1,1,1,20170501,20170716
12072,1,1,1,1,1,1,1,20170501,20170730
12073,1,1,1,1,1,1,1,20170501,20170716
12080,1,1,1,1,1,1,1,20170904,20171105
12091,1,1,1,1,1,1,1,20170730,20170828
12090,1,1,1,1,1,1,1,20170904,20171105
12081,1,1,1,1,1,1,1,20170501,20170716
12083,1,1,1,1,1,1,1,20170501,20170730
9924,0,0,0,0,0,1,1,20170805,20170806
9828,1,1,1,1,1,1,1,20170605,20170723
9827,1,1,1,1,1,0,0,20170912,20171103
9826,1,1,1,1,1,0,0,20170703,20170911
9830,1,1,1,1,1,1,1,20170912,20171105
9823,0,0,0,0,0,0,1,20170522,20170730
9816,0,0,0,0,0,0,1,20170917,20171105
9824,1,1,1,1,1,0,0,20170508,20170604
9825,1,1,1,1,1,1,0,20170502,20170911
9821,1,1,1,1,1,1,0,20170912,20171104
9810,1,1,1,1,1,1,1,20170912,20171105
9833,0,0,0,0,0,1,0,20170605,20170701
9819,0,0,0,0,0,1,1,20170916,20171105
9831,0,0,0,0,0,1,1,20170807,20170910
9832,1,1,1,1,1,0,1,20170508,20170604
9809,1,1,1,1,1,0,1,20170911,20171105
9813,1,1,1,1,1,1,1,20170501,20170911
9812,0,0,0,0,0,0,1,20170807,20170910
9811,0,0,0,0,0,1,0,20170522,20170730
9806,1,1,0,0,0,0,0,20170807,20170820
9820,1,1,1,1,1,1,1,20170522,20170911
9818,0,0,0,0,0,0,1,20170522,20170625
9822,0,0,0,0,0,1,1,20170522,20170716
9815,1,1,1,1,1,1,1,20171023,20171105
9814,1,1,1,1,1,0,0,20170508,20170604
9817,0,0,0,0,0,1,0,20170916,20171104
10062,0,0,1,1,1,0,0,20170510,20170512
10092,1,1,1,1,1,1,1,20170705,20171105
10093,1,1,0,0,0,0,0,20170501,20170502
9791,0,1,1,1,1,0,0,20170516,20170519
9942,0,0,0,0,0,1,0,20170605,20171104
9941,0,0,0,0,0,1,0,20170807,20171104
9789,0,0,0,0,0,1,0,20170807,20171104
9940,0,0,0,0,0,0,1,20170501,20170730
9938,1,1,1,1,1,1,0,20170502,20171104
9939,1,1,1,1,1,1,0,20170502,20171104
9971,1,1,1,1,1,1,1,20170501,20171105
9790,0,0,0,0,0,1,1,20170807,20171105
9782,0,0,0,0,0,1,0,20170807,20171104
10054,1,1,1,1,1,1,1,20170522,20171105
10053,1,1,1,1,1,1,1,20170506,20171105
10052,1,1,1,1,1,1,1,20170507,20171105
10049,1,1,1,1,1,1,0,20170828,20171001
10046,1,1,1,1,1,1,1,20170501,20171105
10047,0,0,0,0,0,1,0,20170807,20171104
10051,1,1,1,1,1,1,1,20170506,20171105
10044,0,0,0,0,0,0,1,20170807,20171105
10050,1,1,1,1,1,1,0,20170828,20171015
9899,1,1,1,1,1,1,1,20170501,20171105
10055,1,1,1,1,1,1,1,20170501,20171105
10042,0,0,0,0,0,0,1,20170513,20170521
9843,1,1,1,1,1,1,1,20170501,20171105
9877,0,0,0,0,0,0,1,20170515,20170521
9950,1,1,1,1,1,1,1,20170501,20171105
10048,1,1,1,1,1,1,1,20170522,20171105
10045,1,1,1,1,1,0,1,20170501,20171105
10043,1,0,1,1,1,1,1,20170807,20170827
10060,0,0,0,0,0,0,1,20170501,20170514
10059,1,0,0,0,0,0,0,20170501,20170513
9880,0,0,0,0,0,1,1,20170513,20170514
10070,1,1,1,1,1,1,1,20170522,20170702
9858,0,1,1,1,0,0,0,20170502,20170518
10069,0,0,1,1,1,0,0,20170503,20170505
10068,0,0,0,0,1,0,0,20170512,20170519
9784,0,0,0,0,0,0,1,20170807,20171105
9961,0,0,0,0,0,1,1,20170807,20171105
9783,0,0,0,0,0,0,1,20170821,20171105
10094,0,0,0,0,0,1,1,20170807,20171105
10012,1,1,1,1,1,0,0,20170807,20170917
10002,0,1,1,1,0,0,0,20170502,20170504
10005,1,1,1,1,1,1,1,20170506,20171105
10006,0,0,0,0,0,0,1,20170605,20171105
10007,1,1,1,1,1,1,1,20170505,20171105
10008,0,0,0,0,0,1,1,20170506,20171105
9785,0,0,0,0,0,1,0,20170522,20170701
9781,1,1,1,1,1,1,0,20170502,20171104
9787,1,1,1,1,1,0,0,20170502,20171103
9788,0,0,0,0,0,1,0,20170807,20171104
10026,1,1,1,1,1,0,0,20170828,20171001
9968,0,1,1,0,0,0,0,20171003,20171004
10027,1,1,1,1,1,0,0,20170828,20171015
10079,0,0,0,0,0,1,0,20170527,20170603
10078,0,0,0,0,0,1,1,20170522,20171105
10080,0,0,0,0,0,1,0,20170527,20170603
9937,0,0,0,0,0,1,0,20170527,20170603
9975,1,1,1,1,1,0,0,20170502,20171103
9976,1,1,1,1,1,0,1,20170717,20170827
9886,1,1,1,1,1,1,1,20170501,20171105
9973,1,1,1,1,1,1,1,20170501,20171105
9970,1,1,1,1,1,1,1,20170501,20170716
9969,1,1,1,1,1,1,1,20170501,20170716
9972,1,1,1,1,1,0,1,20170515,20170604
9974,1,1,1,1,1,1,1,20170501,20171105
9984,1,1,1,1,1,1,0,20170502,20171104
9983,1,1,1,1,1,1,0,20170515,20170604
9982,1,1,1,1,1,1,0,20170828,20171104
9985,1,1,1,1,1,1,1,20170501,20171105
9978,1,1,1,1,1,1,1,20170501,20171105
9893,1,1,1,1,1,1,1,20170501,20171105
9977,1,1,1,1,1,1,1,20170501,20171105
9981,1,1,1,1,1,0,0,20170717,20170820
9979,1,1,1,1,1,1,0,20170828,20171104
9980,1,1,1,1,1,1,0,20170502,20171104
9995,1,1,1,1,1,1,0,20170828,20171001
9996,1,1,1,1,1,1,1,20170501,20171105
9993,0,0,0,0,0,1,1,20170828,20171105
9994,1,1,1,1,1,1,0,20170504,20170716
9997,1,1,1,1,1,1,1,20170501,20170716
9998,1,0,0,0,0,1,1,20170501,20170514
9999,1,1,1,1,1,1,0,20170504,20170716
9988,1,1,1,1,1,1,1,20170828,20171015
9989,1,1,1,1,1,1,1,20170501,20170716
9986,1,1,1,1,1,1,1,20170501,20171105
9987,1,1,1,1,1,1,1,20170501,20171105
9991,1,1,1,1,1,1,1,20170605,20170709
9992,1,0,0,0,0,1,1,20170501,20170514
9898,1,1,1,1,1,1,1,20170501,20171105
9990,1,0,1,1,1,1,1,20170807,20170827
9861,0,0,0,0,0,0,1,20170501,20170514
9862,0,0,0,0,0,0,1,20170501,20170514
9890,1,1,1,1,1,1,1,20170501,20171105
9889,1,1,1,1,1,0,0,20170504,20171103
9888,1,1,1,1,1,1,1,20170501,20171105
9891,1,1,1,1,1,1,0,20170502,20171104
9887,1,1,1,1,1,1,1,20170501,20171105
9883,0,0,0,0,0,1,1,20170513,20170521
9882,0,0,0,0,0,1,0,20170513,20170603
9885,1,1,1,1,1,1,1,20170501,20171105
9892,1,1,1,1,1,1,1,20170501,20171105
9896,1,1,1,1,1,1,1,20170501,20171105
9897,0,0,0,0,0,1,1,20170807,20171105
9900,1,1,1,1,1,1,1,20170501,20171105
9872,1,1,1,1,1,1,1,20170501,20171105
9895,1,1,1,1,1,1,1,20170501,20171105
9866,0,0,0,0,0,1,1,20170501,20170730
9867,1,1,1,1,1,0,0,20170504,20171103
9868,1,1,1,1,1,1,1,20170506,20171105
9869,0,0,0,0,0,1,1,20170506,20171105
9870,0,0,0,0,0,1,1,20170514,20170603
9879,1,1,1,1,1,0,0,20170502,20170911
9878,0,0,0,0,0,0,1,20170508,20170521
9876,1,1,1,1,1,0,0,20170522,20170630
9873,1,1,1,1,1,1,1,20170501,20171105
9874,1,1,1,1,1,1,1,20170501,20171105
9935,0,0,0,0,0,0,1,20170528,20170604
9934,0,1,1,1,1,1,0,20170828,20171104
9964,0,0,0,0,0,1,0,20170506,20170716
10085,0,0,0,0,0,1,0,20170807,20171104
9796,1,1,1,1,1,1,1,20170702,20171105
10106,1,1,1,1,1,1,1,20170501,20171105
9799,1,1,1,1,1,1,0,20170502,20171104
9794,1,1,1,1,1,1,0,20170502,20171104
9797,0,0,0,0,0,1,0,20170807,20171104
9798,1,1,1,1,1,1,1,20170605,20170701
9795,1,1,1,1,1,1,0,20170502,20171104
9800,1,1,1,1,1,1,0,20170502,20171104
9805,1,1,1,1,1,1,0,20170502,20171104
9804,1,1,1,1,1,1,0,20170502,20171104
9801,1,1,1,1,1,1,0,20170502,20171104
9802,1,1,1,1,1,1,0,20170502,20171104
9803,1,1,1,1,1,1,0,20170502,20171104
10083,1,1,1,1,1,1,0,20170502,20171104
10082,0,0,0,0,0,0,1,20170716,20170730
10084,0,0,0,0,0,1,0,20170522,20170701
10081,0,0,0,0,0,1,0,20170807,20171104
10088,1,1,1,1,1,1,0,20170502,20171104
10089,1,1,1,1,1,1,0,20170502,20171104
10086,1,1,1,1,1,1,0,20170612,20170723
10087,1,1,1,1,1,1,0,20170502,20171104
9851,0,1,1,1,1,0,0,20170510,20170519
9853,1,0,0,0,0,0,0,20170501,20170507
9842,0,0,0,0,0,1,1,20170522,20170730
9840,0,0,0,0,0,1,1,20170522,20171105
9841,0,0,0,0,0,1,0,20170515,20170730
9838,1,1,1,1,1,1,1,20170515,20171105
9837,1,1,1,1,1,1,1,20170515,20171105
9836,1,1,1,1,1,1,1,20170515,20171105
9839,1,1,1,1,1,1,1,20170501,20171105
9849,0,0,0,0,0,1,1,20170807,20171105
9848,0,0,0,0,0,0,1,20170522,20170730
9850,0,0,0,0,0,0,1,20170807,20171105
9847,1,1,1,1,1,1,1,20170912,20171105
9844,1,1,1,1,1,0,0,20170911,20170925
9846,1,1,1,1,1,1,0,20170502,20170911
9845,1,1,1,1,1,1,1,20170502,20171105
9952,1,1,1,1,1,1,1,20170501,20171105
9944,0,0,0,0,0,1,1,20170807,20171105
9947,1,1,1,1,1,1,1,20170501,20171105
9948,1,1,1,1,1,0,0,20170502,20171103
9949,1,1,1,1,1,1,1,20170501,20171105
9946,1,1,1,1,1,1,1,20170501,20170730
9945,1,1,1,1,1,1,1,20170501,20170730
9951,1,1,1,1,1,1,1,20170605,20170709
9953,0,0,0,0,0,1,1,20170807,20171105
9962,0,0,0,0,0,0,1,20170501,20170730
9963,0,0,0,0,0,1,1,20170807,20171022
9956,1,1,1,1,1,1,1,20170506,20170701
9954,1,1,1,1,1,1,1,20170505,20171105
9955,1,1,1,1,1,1,1,20170506,20171105
9958,0,0,0,0,1,0,1,20170501,20170519
9959,0,0,0,0,0,0,1,20170501,20170519
9960,0,0,0,0,0,0,1,20170501,20170514
9943,0,0,1,1,0,0,0,20170807,20170827
10065,0,1,1,1,1,0,0,20170502,20170505
10066,1,1,1,1,1,0,0,20170509,20170519
9910,0,0,0,0,0,0,1,20170501,20170507
9908,1,0,0,0,0,1,0,20170508,20170513
9905,0,0,0,0,0,1,1,20170513,20170514
9911,1,1,1,1,1,1,1,20170508,20170519
9917,1,1,1,1,1,1,0,20170612,20170709
9915,1,1,1,1,1,1,1,20170501,20171105
9916,1,1,1,1,1,1,1,20170501,20171105
9913,0,0,0,0,0,0,1,20170501,20170507
9914,1,0,0,0,0,1,1,20170508,20170514
9902,0,0,1,1,0,0,0,20170807,20170827
9906,0,0,0,0,0,1,0,20170506,20171104
9907,0,0,0,0,0,0,1,20170501,20170730
9922,1,1,1,1,0,0,0,20170501,20170504
9918,1,1,1,1,1,1,0,20170502,20171104
9919,1,1,1,1,1,1,1,20170501,20171105
9920,1,1,1,1,1,0,0,20170502,20171103
10039,1,1,1,1,1,0,0,20170828,20171103
10041,1,1,1,1,1,0,0,20170828,20171103
10040,1,1,1,1,1,0,0,20170828,20171103
10095,0,0,0,0,0,1,1,20170520,20170521
10037,0,1,1,1,1,1,1,20170725,20170804
10067,1,1,1,1,1,1,0,20170502,20171104
9927,1,1,1,1,1,0,0,20170807,20171103
10096,0,0,0,0,0,1,1,20171028,20171029
10100,1,1,1,1,1,1,1,20170501,20171105
9933,0,0,0,0,0,1,0,20170807,20171104
10091,0,0,0,0,0,1,1,20170501,20170730
10099,1,1,1,1,1,0,0,20170724,20170804
9925,1,1,1,1,1,1,0,20170502,20171104
9928,1,1,1,1,1,1,0,20170502,20171104
9929,1,1,1,1,1,1,0,20170502,20171104
9926,1,1,1,1,1,1,0,20170502,20171104
9930,1,1,1,1,1,1,1,20170501,20171105
9931,1,1,1,1,1,1,0,20170502,20171104
9965,0,0,0,0,0,0,1,20170821,20171105
10016,1,1,1,1,1,1,0,20170505,20171104
10017,0,0,0,0,0,1,0,20170506,20171104
10018,1,1,1,1,1,1,1,20170505,20171105
10024,1,1,1,1,0,0,0,20170501,20170504
10023,0,1,1,1,1,0,0,20170513,20170519
10025,1,0,0,0,0,1,0,20170515,20170520
10020,1,1,1,1,0,0,0,20170501,20170507
10019,1,1,1,1,1,1,0,20170522,20171104
10076,1,1,1,1,1,1,1,20170505,20171105
10077,0,1,1,1,1,0,0,20170501,20170519
10103,0,1,1,1,1,1,0,20170516,20170520
10034,1,1,1,1,1,1,0,20170502,20170716
10036,1,1,1,1,1,1,1,20170501,20171105
10033,1,1,1,1,1,1,1,20170501,20170716
10035,1,1,1,1,1,1,0,20170502,20170730
10031,0,0,0,0,0,1,1,20170501,20170716
10028,1,1,1,1,1,1,1,20170501,20170716
10029,0,0,0,0,0,1,1,20170501,20170716
10030,1,1,1,1,1,1,1,20170501,20171105
10032,1,1,1,1,1,1,1,20170501,20171105
10038,1,1,1,1,1,0,0,20170710,20170827
10072,0,0,0,0,0,1,0,20170807,20171104
10071,0,0,1,1,0,0,0,20170807,20170827
10074,0,0,0,0,0,1,1,20170501,20170730
10073,0,0,0,0,0,1,0,20170807,20171104
10075,1,1,1,1,1,1,0,20170612,20170709
10107,0,0,0,0,0,1,1,20170819,20170820
9461,1,1,1,1,1,0,0,20170828,20171103
9694,0,1,1,1,0,0,0,20170502,20170504
9726,1,1,1,1,0,0,0,20170508,20170511
9430,0,1,1,1,1,0,0,20170502,20170505
9627,0,0,0,0,0,1,0,20170715,20170826
9585,1,1,1,1,1,1,0,20170715,20170826
9624,0,0,0,0,0,1,1,20170715,20170826
9625,1,1,1,1,1,1,0,20170807,20170826
9493,1,1,1,1,1,1,1,20170715,20170826
9432,1,1,1,1,1,0,0,20170509,20170630
9446,0,0,0,0,1,0,0,20170602,20170611
9628,1,1,1,1,1,0,0,20170828,20171103
9452,0,0,0,0,0,0,1,20170821,20171105
9626,1,1,1,1,1,1,1,20170714,20170827
9704,1,0,0,0,0,0,0,20170918,20171102
9706,1,0,0,0,0,0,1,20170716,20170827
9705,0,1,1,1,1,0,0,20170509,20170630
9703,0,0,0,0,0,1,0,20170513,20170701
9671,0,0,0,0,0,0,1,20170508,20170702
9701,0,0,0,0,0,0,1,20170821,20171105
9556,1,1,1,1,1,1,1,20170828,20171105
9562,1,1,1,1,1,1,1,20170828,20171105
9563,0,1,1,1,1,1,0,20170807,20170826
9564,0,0,0,0,0,0,1,20170821,20171105
9560,1,0,0,0,0,0,1,20170716,20170827
9565,0,0,0,0,0,0,1,20170821,20171105
9494,0,0,0,0,0,1,1,20170715,20170826
9590,1,0,0,0,0,0,1,20170716,20170821
9490,0,1,1,1,1,0,0,20170502,20170505
9591,0,1,1,1,1,1,1,20170807,20170826
9592,0,0,0,0,0,0,1,20170828,20171105
9595,1,1,1,1,1,1,0,20170828,20171104
9596,1,1,1,1,1,1,0,20170828,20171104
9456,0,0,0,0,0,1,0,20170605,20170701
9589,1,1,1,1,1,0,0,20170807,20170825
9588,0,0,0,0,0,0,1,20170821,20171105
9587,0,0,0,0,0,1,0,20170522,20170611
9697,0,0,0,0,1,0,0,20170908,20170915
9447,1,1,1,1,1,0,0,20170509,20170630
9672,1,1,1,1,0,0,0,20170904,20170914
9699,1,1,1,1,1,1,1,20171016,20171105
9545,0,1,1,1,1,0,0,20170502,20170505
9439,0,0,0,0,0,1,1,20170828,20171105
9438,0,0,0,0,0,1,1,20170828,20171105
9440,0,0,0,0,0,1,0,20170828,20171104
9425,0,0,0,0,0,1,0,20170828,20171104
9434,1,1,1,1,1,1,1,20170828,20171105
9437,1,1,1,1,1,1,0,20170828,20171104
9445,1,1,1,1,1,1,1,20170828,20171001
9443,1,1,1,1,1,1,1,20170703,20170716
9451,0,0,0,0,0,1,0,20170605,20170702
9449,1,1,1,1,1,1,1,20171016,20171105
9450,0,0,0,0,0,1,0,20170612,20170701
9453,0,0,0,0,0,1,0,20170828,20171104
9454,1,1,1,1,1,1,1,20170828,20171105
9455,0,0,0,0,0,0,1,20170828,20171105
9458,1,1,1,1,1,1,1,20170828,20171105
9460,0,0,0,0,0,0,1,20170821,20171105
9459,0,0,0,0,0,0,1,20170605,20170702
9427,0,0,0,0,0,0,1,20170828,20171105
9426,0,0,0,0,0,0,1,20170821,20171105
9424,0,0,0,0,0,1,0,20170605,20170701
9603,0,0,0,0,0,0,1,20170522,20170604
9634,0,0,0,0,0,0,1,20170522,20170604
9662,0,0,0,0,0,1,1,20170610,20170611
9670,1,1,1,1,0,0,0,20170529,20170611
9666,1,1,1,1,0,0,1,20170828,20171105
9669,1,1,1,1,0,0,1,20170828,20171105
9663,1,1,1,1,0,0,0,20170509,20170629
9568,0,0,0,0,0,1,0,20170612,20170708
9667,1,1,1,1,0,0,1,20170529,20170611
9668,1,1,1,1,0,0,0,20170828,20171102
9468,1,1,1,1,1,0,0,20170828,20171103
9643,0,0,0,0,0,0,1,20170529,20170604
9647,0,0,0,0,0,1,0,20170522,20170604
9648,1,1,1,1,1,0,0,20170529,20170611
9644,0,0,0,0,0,0,1,20170515,20170604
9597,0,0,0,0,1,0,0,20170901,20171103
9504,1,1,1,1,1,1,1,20170702,20170714
9608,0,0,0,0,1,0,0,20170529,20170611
9652,0,0,0,0,1,0,0,20170506,20170630
9642,1,1,1,1,1,0,0,20170828,20171103
9510,0,0,0,0,0,1,1,20170612,20170714
9555,0,0,0,0,0,1,1,20170612,20170701
9549,1,1,1,1,1,0,1,20170501,20170507
9554,0,0,0,0,0,1,1,20170612,20170709
9508,1,1,1,1,1,0,0,20170501,20170505
9514,0,0,0,0,0,1,1,20170612,20170709
9516,0,0,0,0,0,1,1,20170702,20170714
9465,1,1,1,1,1,1,1,20170827,20171103
9519,0,0,0,0,0,1,1,20170827,20171001
9478,0,0,0,0,0,1,0,20170902,20171001
9474,0,0,0,0,0,1,1,20170827,20171001
9509,0,0,0,0,0,1,1,20170612,20170709
9520,0,0,0,0,0,1,0,20170902,20171104
9503,0,0,0,0,0,1,1,20170612,20170714
9566,1,0,0,0,0,0,1,20170501,20170507
9507,0,0,0,0,0,1,1,20170612,20170714
9567,0,0,0,0,0,0,1,20170501,20170514
9518,0,0,0,0,0,1,1,20170612,20170701
9569,0,0,0,0,0,1,1,20170612,20170701
9664,1,1,1,1,0,0,0,20170828,20171102
9609,0,0,0,0,0,1,1,20170520,20170604
9654,0,0,0,0,0,1,0,20170612,20170702
9576,0,0,0,0,1,0,0,20170529,20170630
9655,1,1,1,1,1,0,0,20170509,20170630
9553,1,1,1,1,1,1,1,20170828,20171103
9548,1,1,1,1,1,0,0,20170501,20170505
9558,0,0,0,0,0,1,1,20170612,20170709
9557,0,0,0,0,0,0,1,20170612,20170625
9656,0,0,0,0,0,1,1,20170522,20170604
9687,1,1,1,1,1,0,1,20170716,20170825
9722,0,0,0,0,0,0,1,20170925,20171105
9483,0,0,0,0,0,1,0,20170605,20170709
9525,0,0,0,0,0,0,1,20170702,20170714
9484,0,0,0,0,0,0,1,20170605,20170714
9524,0,0,0,0,0,1,1,20170605,20170701
9531,0,0,0,0,0,1,0,20170605,20170701
9480,0,0,0,0,0,1,1,20170605,20170709
9473,1,1,1,1,1,1,0,20170828,20171103
9477,0,0,0,0,0,0,1,20170827,20171001
9479,1,1,1,1,1,1,0,20170728,20171103
9526,0,0,0,0,0,1,1,20170605,20170714
9522,0,0,0,0,0,0,1,20170508,20170528
9523,0,0,0,0,0,1,0,20170918,20171001
9639,0,0,0,0,1,0,0,20170506,20170604
9635,0,0,0,0,1,0,0,20170506,20170630
9715,1,1,1,1,0,0,1,20171002,20171105
9714,1,1,1,1,0,0,0,20170509,20170629
9725,0,0,0,0,0,0,1,20170515,20170604
9723,0,0,0,0,0,0,1,20170508,20170702
9724,1,1,1,1,0,0,1,20170828,20171105
9578,0,0,0,0,0,1,0,20170605,20170708
9572,0,0,0,0,0,1,1,20170612,20170702
9577,0,0,0,0,0,1,0,20170605,20170708
9579,0,0,0,0,0,0,1,20170605,20170714
9574,0,0,0,0,0,1,1,20170605,20170709
9575,0,0,0,0,0,1,1,20170612,20170709
9573,0,0,0,0,0,1,1,20170612,20170714
9571,0,0,0,0,0,1,1,20170605,20170714
9580,0,0,0,0,0,1,0,20170605,20170708
9581,0,0,0,0,0,1,0,20170605,20170709
9583,0,0,0,0,0,1,0,20170612,20170701
9584,0,0,0,0,0,0,1,20170827,20171001
9717,0,0,0,0,0,1,1,20170612,20170701
9719,0,1,1,1,1,1,0,20170502,20170713
9720,0,1,1,1,1,1,0,20170509,20170701
9721,0,0,0,0,0,0,1,20170605,20170709
9708,0,0,0,0,0,1,1,20170612,20170702
9718,0,0,0,0,0,1,1,20170612,20170714
9680,1,1,1,1,0,0,1,20170918,20171105
9682,0,1,1,1,1,1,0,20170529,20170611
9466,1,1,1,1,1,0,0,20170728,20171103
9546,0,0,0,0,0,1,1,20170821,20171105
9693,0,0,0,0,0,0,1,20170605,20170611
9688,1,1,1,1,0,0,1,20170703,20170716
9689,1,1,1,1,1,1,0,20170807,20170826
9684,0,0,0,0,0,1,1,20170715,20170826
9543,0,0,0,0,0,0,1,20170605,20170702
9541,0,0,0,0,0,0,1,20170821,20171105
9534,1,1,1,1,1,1,1,20170828,20171105
9533,0,0,0,0,0,1,0,20170828,20171104
9537,0,0,0,0,0,1,1,20170605,20170702
9538,0,0,0,0,0,1,0,20170828,20171104
9536,0,0,0,0,0,0,1,20170821,20171105
9540,1,1,1,1,1,1,0,20170828,20171104
9539,1,1,1,1,1,1,1,20170501,20170716
9535,1,1,1,1,1,1,0,20170502,20170716
9469,1,1,1,1,1,0,0,20170502,20170713
9599,0,0,0,0,0,1,1,20170515,20170604
9606,1,1,1,1,1,0,0,20170529,20170611
9598,0,0,0,0,0,1,1,20170515,20170604
9605,0,0,0,0,0,0,1,20170529,20170604
9607,0,0,0,0,0,1,0,20170515,20170603
9610,0,0,0,0,1,0,0,20170505,20170707
9612,0,0,0,0,0,1,1,20170520,20170604
9658,0,0,0,0,0,1,1,20170522,20170604
9659,0,0,0,0,1,0,0,20170522,20170611
9657,0,0,0,0,0,0,1,20170528,20170604
9711,1,1,1,1,1,1,1,20170716,20170827
9712,0,1,1,1,1,1,0,20170510,20170701
9716,1,1,1,1,1,0,0,20171002,20171103
9700,0,0,0,0,0,0,1,20170821,20171105
9615,0,0,0,0,0,0,1,20170612,20170714
9614,0,0,0,0,0,1,1,20170827,20171105
9619,0,0,0,0,0,1,1,20170605,20170709
9620,0,0,0,0,0,1,1,20170605,20170714
9552,1,1,1,1,1,1,1,20170702,20170716
9727,0,0,0,0,0,0,1,20170612,20170625
9728,0,0,0,0,0,1,1,20170612,20170701
9679,0,1,1,1,1,0,0,20170515,20170526
9498,0,0,0,0,0,0,1,20170821,20171105
9497,1,1,1,1,1,0,0,20170529,20170630
9496,1,1,1,1,1,1,1,20170828,20171105
9495,0,0,0,0,0,0,1,20170821,20171105
9505,0,0,0,0,0,1,1,20170612,20170701
9515,0,0,0,0,0,1,1,20170612,20170701
9506,0,0,0,0,0,1,1,20170612,20170709
9513,0,0,0,0,0,1,1,20170612,20170701
9512,0,0,0,0,0,1,0,20170612,20170709
9685,0,0,0,0,0,0,1,20170821,20171105
9486,0,0,0,0,1,1,0,20170505,20170714
9488,0,0,0,0,0,1,1,20170605,20170709
9489,0,0,0,0,0,1,0,20170605,20170708
9485,1,1,1,1,1,1,1,20170605,20170709
9481,0,0,0,0,0,1,1,20170605,20170714
9491,1,1,1,1,1,1,0,20170703,20170713
9492,0,0,0,0,0,1,0,20170605,20170709
9476,1,1,1,1,1,1,1,20171016,20171101
9673,1,1,1,1,0,0,0,20170509,20170629
9710,1,1,1,1,1,0,0,20170515,20170630
10263,0,1,1,1,1,1,0,20170529,20170604
10238,1,1,1,1,1,0,0,20170515,20170521
10265,1,1,1,1,1,0,0,20170925,20171006
10111,0,1,1,1,1,1,0,20170516,20170520
10226,1,1,1,1,1,0,0,20170626,20170630
10262,1,1,1,1,1,0,0,20170904,20170908
10261,0,1,1,1,1,1,0,20170905,20170909
10201,1,1,1,1,1,1,1,20170501,20171105
10210,0,0,0,0,0,1,1,20170731,20171105
10197,1,1,1,1,1,1,1,20170501,20171105
10251,1,1,1,1,1,1,1,20170501,20171105
10200,0,0,0,0,0,0,1,20170501,20171105
10246,1,1,1,1,1,1,1,20170501,20171105
10159,1,1,1,1,1,1,1,20170501,20171105
10247,1,1,1,1,1,1,1,20170501,20171105
10248,1,1,1,1,1,1,1,20170501,20171105
10245,1,1,1,1,1,1,1,20170501,20171105
10249,1,1,1,1,1,1,1,20170501,20171105
10250,1,1,1,1,1,1,1,20170501,20171105
10203,1,1,1,1,1,1,1,20170501,20171105
10244,1,1,1,1,1,1,1,20170501,20171105
10241,0,0,0,0,0,1,1,20170501,20170625
10243,0,0,0,0,0,1,1,20170501,20171105
10158,1,1,1,1,1,1,1,20170501,20170701
10160,1,1,1,1,1,1,1,20170501,20171105
10231,1,1,1,1,1,0,0,20171009,20171013
10230,0,1,1,1,1,1,0,20171010,20171014
10183,1,1,1,1,1,1,1,20170501,20171105
10182,1,1,1,1,1,1,1,20170501,20171105
10180,1,1,1,1,1,1,1,20170501,20171105
10179,1,1,1,1,1,0,0,20170522,20170604
10187,1,1,1,1,1,1,1,20170501,20171105
10184,1,1,1,1,1,1,1,20170501,20171105
10186,1,1,1,1,1,0,0,20170522,20170602
10153,1,1,1,1,1,1,1,20170501,20171105
10156,1,1,1,1,1,1,1,20170501,20171105
10154,1,1,1,1,1,1,1,20170501,20171105
10209,0,0,0,0,0,0,1,20170702,20171105
10208,0,0,0,0,0,1,1,20170501,20170625
10169,1,1,1,0,0,0,0,20170522,20170524
10194,1,1,1,0,0,0,0,20170522,20170528
10205,0,0,0,0,0,1,1,20170501,20171105
10204,1,1,1,1,1,0,0,20170710,20170903
10206,1,1,1,1,1,0,0,20170710,20170903
10207,1,1,1,1,1,1,1,20170501,20171105
10202,1,1,1,1,1,1,1,20170501,20171105
10198,1,1,1,1,1,1,0,20170703,20171104
10217,0,0,0,0,0,1,1,20170501,20171105
10216,1,1,1,1,1,1,1,20170501,20171105
10214,1,1,1,1,1,1,1,20170501,20171105
10218,1,1,1,1,1,0,0,20170502,20171103
10213,0,0,0,0,0,1,1,20170501,20170806
10212,0,0,0,0,0,1,1,20170812,20170815
10189,0,0,0,0,0,1,1,20170501,20171105
10188,1,1,1,1,1,1,1,20170501,20171105
10227,0,1,1,1,1,0,0,20170530,20170602
10176,1,1,1,1,1,0,0,20170502,20170529
10174,0,0,0,0,0,1,1,20170501,20170528
10175,0,0,0,0,0,1,1,20170603,20171105
10178,1,1,1,1,1,1,1,20170530,20171105
10177,1,1,1,1,1,0,0,20170530,20171103
10172,1,1,1,0,1,0,0,20170522,20170526
9747,0,1,1,1,1,0,0,20170502,20170512
10173,1,1,1,1,1,1,1,20170603,20171105
10164,1,1,1,1,1,1,1,20170603,20171105
10168,0,0,0,0,0,1,1,20170513,20170528
10167,1,1,1,1,1,1,1,20170603,20171105
10171,0,1,1,1,1,0,0,20170502,20170512
10170,1,1,1,1,1,1,1,20170603,20171105
10256,1,1,1,1,1,1,1,20170604,20171105
10258,1,0,0,0,0,0,1,20170501,20170529
10255,0,1,1,1,0,1,0,20170523,20170527
10260,1,1,1,1,1,0,0,20170502,20170529
10259,0,0,0,1,0,1,1,20170513,20170528
10254,1,1,1,1,1,1,1,20170530,20171105
12095,1,1,1,1,1,1,1,20170731,20170825
12097,0,0,0,0,0,1,1,20170716,20170902
12096,1,1,1,1,1,1,1,20170515,20170716
12111,1,1,1,1,1,0,0,20170515,20170716
12112,0,1,1,1,1,0,0,20170509,20170518
12106,1,1,1,1,1,1,1,20170904,20171105
12105,1,1,1,1,1,1,1,20170904,20171105
12115,1,1,1,1,1,1,1,20170515,20170716
12116,1,1,1,1,1,1,1,20170515,20170716
12114,0,1,1,1,1,0,0,20170509,20170518
12103,1,1,1,1,1,1,1,20170501,20170716
12101,1,1,1,1,1,1,1,20170515,20170716
12102,1,1,1,1,1,1,0,20170801,20170826
12104,1,1,1,1,1,0,1,20170717,20170903
12110,1,0,0,0,0,1,1,20170717,20170903
12107,1,1,1,1,1,1,1,20170515,20170716
12108,1,1,1,1,1,1,1,20170515,20170716
12109,0,1,1,1,1,1,1,20170801,20170826
12117,1,1,1,1,1,1,1,20170904,20171105
10270,0,1,1,1,1,1,0,20170502,20170520
10268,0,1,1,1,1,1,0,20170523,20170611
10271,1,1,0,0,0,0,0,20170515,20170516
10274,0,1,1,1,1,1,0,20170502,20170611
10269,0,1,1,1,1,0,0,20170501,20170519
10497,0,0,0,0,0,1,0,20170708,20170827
10500,1,1,1,1,1,0,0,20170502,20170707
10498,0,1,1,1,1,1,0,20170502,20170707
10501,0,0,0,0,0,0,1,20170709,20170827
10824,1,1,1,1,1,0,0,20170529,20170616
10848,0,1,1,1,1,1,0,20170530,20170617
12093,0,1,1,1,1,1,0,20170502,20170506
12094,0,1,1,1,1,1,0,20170529,20170617
11236,0,1,1,1,1,1,0,20170607,20170617
11238,1,1,1,1,1,0,0,20170606,20170616
11233,1,1,1,1,1,0,0,20171002,20171015
11237,0,1,1,1,0,0,0,20170502,20170518
11235,0,1,1,1,1,1,0,20170502,20171104
11239,0,1,1,1,1,1,0,20170503,20170603
11240,1,1,1,1,1,0,0,20170502,20170602
9353,0,0,0,0,0,1,1,20170520,20170521
10776,0,1,1,1,1,1,0,20170503,20170525
10771,0,1,1,1,1,1,0,20170503,20170618
10766,1,1,1,1,1,0,0,20170501,20170528
10765,1,1,1,1,1,0,0,20170508,20170526
10764,0,1,1,1,1,0,0,20170516,20170524
10763,0,0,0,0,1,0,0,20170505,20170507
10762,0,1,1,1,1,0,0,20170508,20170524
10774,1,0,0,0,0,0,1,20170501,20170521
10775,1,1,1,1,1,0,0,20170502,20170630
10760,0,1,1,1,1,1,0,20170703,20170812
10770,1,1,1,1,1,0,0,20170501,20170526
10769,1,1,1,1,1,0,0,20170501,20170526
10773,0,1,1,1,1,1,0,20170530,20170715
10887,1,1,1,1,1,0,0,20170515,20170525
10886,0,1,1,1,1,1,0,20170515,20170526
10885,0,1,1,1,1,0,0,20170509,20170512
10888,0,1,1,1,1,1,0,20170516,20170526
10884,0,1,1,1,1,1,0,20170510,20170526
10889,0,0,1,1,1,1,0,20170503,20170513
10812,1,1,1,1,1,1,0,20170605,20170610
10810,0,1,1,1,1,1,1,20170606,20170611
10865,0,0,0,0,0,0,1,20170625,20170702
10845,1,1,1,1,1,0,0,20170515,20170525
10893,0,0,0,0,0,0,1,20170515,20170604
10892,0,0,0,0,0,1,0,20170506,20170708
10891,1,1,1,1,1,1,1,20170501,20170708
10895,1,1,1,1,1,1,0,20170502,20170708
10894,0,0,0,0,0,0,1,20170612,20170702
10896,0,0,0,0,0,0,1,20170507,20170702
10646,1,1,1,1,0,0,0,20170502,20170608
10643,1,1,1,1,0,0,0,20170515,20170608
10644,1,1,1,1,1,0,0,20170501,20170512
10645,1,1,1,1,1,0,0,20170501,20170512
10642,1,1,1,1,1,0,0,20170501,20170514
10640,1,1,1,1,0,0,0,20170515,20170608
10636,0,1,1,1,1,0,0,20170516,20170609
10639,1,1,1,1,1,0,0,20170501,20170514
10637,0,1,1,1,1,0,0,20170502,20170609
10638,0,1,1,1,1,1,0,20170502,20170513
9378,0,0,0,0,1,0,0,20170526,20170602
9374,0,0,0,0,0,1,0,20170527,20170603
9383,0,0,0,0,0,0,1,20170528,20170604
9355,1,0,0,0,0,0,0,20170529,20170605
10641,1,1,1,1,1,0,0,20170501,20170514
11248,1,1,1,1,1,0,0,20170626,20170723
11244,1,1,1,1,1,0,0,20170626,20170723
11245,1,1,1,1,1,0,0,20170502,20170611
11242,0,1,1,1,1,1,0,20170626,20170723
11241,0,1,1,1,1,1,0,20170626,20170723
11247,1,1,1,1,1,0,0,20170626,20170723
9359,0,0,0,0,0,1,0,20170520,20170610
9366,0,0,0,0,0,0,1,20170521,20170611
9360,1,0,0,0,0,0,0,20170522,20170529
9367,0,0,0,0,0,1,1,20170527,20170528
11252,1,1,1,1,1,0,0,20170626,20170723
9390,1,1,1,1,1,0,0,20170517,20170609
11279,0,1,1,1,1,1,0,20170503,20170624
11280,1,1,1,1,1,0,0,20170529,20170623
11281,1,1,1,1,1,0,0,20170502,20170623
10124,1,1,1,1,1,0,0,20170502,20170519
10125,1,1,1,1,1,0,0,20170502,20170519
10117,0,1,1,1,1,0,0,20170509,20170518
10116,0,0,1,1,1,1,0,20170510,20170519
10127,0,0,1,1,1,1,0,20170503,20170520
10123,0,1,1,1,1,0,0,20170502,20170505
10131,0,1,1,1,1,0,0,20170509,20170512
10122,1,1,1,1,1,0,0,20170515,20170519
10126,1,1,1,1,1,0,0,20170502,20170521
10118,0,1,1,1,1,1,0,20170503,20170521
10141,1,1,1,1,0,0,0,20170501,20170504
10147,1,1,1,1,0,0,0,20170501,20170507
10144,1,1,1,1,1,0,0,20170501,20170507
10129,1,1,1,1,1,0,0,20170502,20170521
10130,0,1,1,1,1,0,0,20170502,20170507
10132,0,0,1,1,1,1,0,20170503,20170520
10113,0,1,1,1,1,1,0,20170516,20170520
10109,0,0,1,1,1,1,0,20170503,20170506
10115,0,0,1,1,1,1,0,20170503,20170513
10110,0,0,1,1,1,1,0,20170503,20170506
10135,1,1,1,1,1,0,0,20170501,20170513
10134,1,1,1,1,1,0,0,20170501,20170513
10133,1,1,1,1,1,1,0,20170515,20170520
10136,1,1,1,1,1,0,0,20170509,20170519
10140,0,1,1,1,1,1,0,20170516,20170520
10139,0,1,1,1,1,1,0,20170510,20170520
10142,1,1,1,1,0,0,0,20170501,20170504
10138,1,1,1,1,0,0,0,20170501,20170504
9731,0,0,1,1,1,0,0,20170503,20170505
9746,0,1,1,1,1,1,0,20170919,20170930
9742,1,1,1,1,1,0,0,20170509,20171103
9739,1,1,1,1,1,0,0,20171009,20171103
9743,0,1,1,1,1,1,0,20170510,20171104
9737,1,1,1,1,1,0,0,20170502,20170526
9738,1,1,1,1,1,0,0,20170626,20171006
9773,0,1,1,1,1,1,0,20170503,20170527
9740,1,1,1,1,1,0,0,20170529,20170625
9772,1,1,1,1,1,0,0,20170529,20170623
9771,0,1,1,1,1,1,0,20171010,20171104
9765,0,1,1,1,1,1,0,20170530,20170713
9768,0,1,1,1,1,1,0,20170717,20171007
9767,0,1,1,1,1,1,0,20170718,20171007
9766,1,1,1,1,1,0,0,20171009,20171103
9756,0,1,1,1,1,1,0,20170510,20170702
9754,1,0,0,0,0,0,0,20170522,20170604
9736,1,1,1,1,1,0,0,20171030,20171103
9749,1,1,1,1,1,0,0,20171016,20171103
9380,1,1,1,1,1,1,0,20170517,20170610
9388,0,0,0,1,0,0,1,20170521,20170611
9751,1,1,1,1,1,0,0,20170509,20170702
9775,1,1,1,1,1,0,0,20170509,20170604
9385,0,0,0,0,0,1,1,20170610,20170611
9393,1,0,0,0,0,0,1,20170528,20170606
9358,0,0,0,0,0,1,1,20170527,20170604
9382,0,0,0,0,0,1,0,20170527,20170603
9352,0,0,0,0,0,0,1,20170528,20170604
9377,0,0,0,0,0,1,1,20170520,20170611
9351,0,0,0,0,0,0,1,20170521,20170528
9357,0,0,0,0,0,0,1,20170521,20170611
9354,0,0,0,1,0,0,1,20170521,20170611
9371,0,0,0,0,1,1,1,20170519,20170611
9362,0,0,0,0,1,1,0,20170519,20170610
9752,1,1,1,1,1,0,0,20170724,20170806
9763,1,1,1,1,1,0,0,20170904,20171103
9759,1,1,1,1,1,0,0,20170509,20170702
10502,1,1,1,1,0,0,0,20170501,20170523
10504,0,1,1,1,1,0,0,20170502,20170524
10505,0,1,1,1,1,1,0,20170530,20170708
10506,1,1,1,1,1,0,0,20170529,20170707
10508,1,1,1,1,1,0,0,20170619,20170707
10507,1,1,1,1,1,0,0,20170529,20170707
10823,1,1,1,1,1,0,0,20170508,20170525
10825,1,0,0,0,0,0,0,20170918,20171022
10847,0,0,0,0,1,0,0,20170619,20170707
10849,0,1,1,1,1,1,0,20170529,20170618
10864,0,0,0,0,0,1,0,20170624,20170701
10863,0,0,0,0,0,1,1,20170624,20170702
10871,0,0,0,0,0,0,1,20170605,20170625
10801,0,0,0,0,0,1,1,20170501,20171105
10805,0,0,0,0,0,1,1,20170619,20171105
10806,1,1,1,1,1,1,1,20170501,20171105
10788,1,1,1,1,1,0,0,20170515,20170602
10820,1,1,1,1,1,1,1,20170918,20171105
10819,1,1,1,1,1,1,1,20170501,20171105
10804,1,1,1,1,1,1,1,20170501,20171105
10779,1,1,1,1,1,0,0,20170509,20170602
10793,0,0,0,0,0,1,1,20170814,20170917
10790,1,1,1,1,1,1,1,20170501,20171105
10794,0,1,1,1,1,1,0,20170515,20170526
10784,1,1,1,1,1,1,1,20170501,20171105
10792,1,1,1,1,1,1,1,20170501,20171105
10783,0,0,0,0,0,1,1,20170501,20171105
10791,0,0,0,0,0,1,1,20170904,20171105
10799,1,1,1,1,1,0,1,20170821,20170903
10795,1,0,0,0,0,0,1,20170814,20170917
10796,0,0,0,0,0,1,0,20170522,20170603
10797,1,0,0,0,0,0,1,20170501,20170604
10798,0,1,1,1,1,1,0,20170510,20170603
10778,1,1,1,1,1,0,0,20170605,20171103
10782,0,0,0,0,0,1,1,20170508,20170611
10780,1,1,1,1,1,1,1,20170501,20171105
10844,1,1,1,1,1,1,1,20170501,20171105
10818,1,1,1,1,1,1,1,20170501,20171105
10842,1,1,1,1,1,1,1,20170619,20170709
10781,0,0,0,0,0,1,1,20170508,20170611
10843,1,1,1,1,1,1,1,20170619,20170716
10827,1,1,1,1,1,0,0,20170828,20171103
10830,1,1,1,1,1,1,1,20170509,20171105
10828,0,0,0,0,0,1,1,20170513,20170903
10858,1,1,1,1,1,1,1,20170619,20170903
10857,1,1,1,1,1,1,1,20170513,20171105
10856,1,1,1,1,1,1,1,20170703,20170903
10855,1,1,1,1,1,1,1,20170710,20170903
10854,1,1,1,1,1,0,0,20170606,20171103
10826,1,1,1,1,1,0,0,20170509,20171103
10861,1,1,1,1,1,1,1,20170513,20171105
10833,1,1,1,1,1,1,1,20170513,20171105
10840,1,1,1,1,1,1,1,20170513,20171105
10838,0,0,0,0,0,1,1,20170619,20170813
10831,1,1,1,1,1,1,1,20170509,20171105
10834,1,1,1,1,1,0,0,20170501,20170505
10813,1,1,1,1,1,0,0,20170828,20171103
10807,0,0,0,0,0,1,1,20170828,20171105
10809,0,0,0,0,0,1,0,20170619,20171104
10808,0,0,0,0,0,1,1,20170828,20171105
10869,0,0,0,0,0,1,1,20170619,20170813
10850,1,1,1,1,1,1,1,20170702,20171105
10872,0,1,1,1,1,0,0,20170502,20170505
10802,1,1,1,1,1,1,1,20170501,20171105
10803,1,1,1,1,1,1,1,20170918,20171105
10800,1,1,1,1,1,1,1,20170501,20171105
10846,1,1,1,1,1,0,0,20170515,20170618
10867,0,0,0,0,0,1,1,20170624,20170702
10787,1,1,1,1,1,1,1,20170605,20171105
10786,0,0,0,0,0,1,1,20170501,20171105
10785,1,1,1,1,1,1,1,20170501,20171105
10789,0,0,0,0,0,1,1,20170814,20170917
10814,1,1,1,1,1,1,1,20170619,20170716
10817,1,1,1,1,1,1,1,20170619,20170716
10816,1,1,1,1,1,1,1,20170918,20171015
10815,1,1,1,1,1,1,1,20170619,20170716
10851,1,1,1,1,1,0,0,20170515,20170618
10853,0,1,1,1,1,1,0,20170530,20170616
10870,0,0,0,0,0,1,1,20170529,20170625
10836,1,1,1,1,1,1,1,20170605,20171105
10835,0,0,0,0,0,1,1,20170619,20170709
10832,1,1,1,1,1,1,1,20170513,20171105
10837,1,1,1,1,1,1,1,20170605,20171105
10839,1,1,1,1,1,1,1,20170513,20171105
10841,1,1,1,1,1,1,1,20170501,20171105
10822,1,1,1,1,1,0,0,20170828,20171103
10821,1,1,1,1,1,0,0,20170526,20170602
10868,0,0,0,0,0,1,1,20170619,20170813
